{
 "cells": [
  {
   "cell_type": "code",
   "execution_count": 4,
   "id": "ebb8129c-141e-4905-80d3-3247888ff46c",
   "metadata": {},
   "outputs": [
    {
     "name": "stdout",
     "output_type": "stream",
     "text": [
      " ------------------------ 1st Pivot ------------------------\n",
      "> Display Initial\n",
      "          X1        X2        X3        X4        X5        X6        X7        X8        X9        X10        X11        X12        X13        X14        X15\n",
      "------------------------------------------------------------------------------------------------------------------------------------------------------------------------\n",
      "|    0.0010  450.0000  -12.0000    0.5000  1000.0000   -3.0000   88.0000    1.2000  -90.0000    4.0000   15.0000   -0.0100  200.0000    7.0000  -50.0000  |  =  1500.5000\n",
      "|  500.0000   -0.0500   14.0000  100.0000   -2.0000   67.0000    0.0000   45.0000    1.1000  -300.0000    8.0000   99.0000   -5.0000   12.0000    0.4000  |  =  -200.0000\n",
      "|  -10.0000   22.0000  1500.0000    4.0000   -0.9000   12.0000   33.0000  -500.0000    6.0000    0.0000  100.0000   -2.0000   45.0000    8.0000   -9.0000  |  =  4500.0000\n",
      "|    4.0000    0.1000   -5.0000  800.0000   12.0000  -44.0000    9.0000    2.0000  150.0000   -0.7000   11.0000    3.0000  -60.0000   20.0000    1.0000  |  =   12.7000\n",
      "|  -200.0000    5.0000    0.0000    1.0000  3000.0000   15.0000   -6.0000    0.0400   22.0000    9.0000   -1.0000   55.0000    8.0000  -400.0000   12.0000  |  =  -800.0000\n",
      "|   12.0000  -90.0000    4.0000   33.0000   -7.0000  1200.0000    1.0000    0.5000   -0.3000   88.0000   14.0000    0.0000   10.0000   -5.0000    6.0000  |  =  333.0000\n",
      "|    0.0000    1.5000  -200.0000   45.0000    8.0000    3.0000  500.0000  -12.0000    7.0000  100.0000   -4.0000   22.0000    1.0000   -9.0000    0.0010  |  =    0.0100\n",
      "|   88.0000   12.0000    9.0000   -0.5000  400.0000    1.0000   15.0000  2500.0000  -10.0000    4.0000    0.6000   -7.0000   33.0000   12.0000   -2.0000  |  =  1200.0000\n",
      "|   -3.0000  500.0000    1.0000   12.0000    0.0000   66.0000   -9.0000    4.0000  1100.0000   15.0000   -2.0000    8.0000    0.4000   -1.0000  100.0000  |  =  -50.0000\n",
      "|   15.0000   -6.0000   88.0000    0.0000  -200.0000   12.0000    4.0000    1.0000    5.0000  900.0000   -0.9000   12.0000    3.0000   44.0000   -7.0000  |  =   99.0000\n",
      "|    1.0000    0.0400  -12.0000  500.0000    3.0000   -8.0000   22.0000   14.0000   -6.0000    2.0000  1800.0000    0.5000   -9.0000  100.0000    4.0000  |  =  250.0000\n",
      "|   55.0000    1.0000   -0.7000   12.0000    4.0000   99.0000    0.0000   -3.0000   15.0000  -400.0000   12.0000  700.0000    1.0000    8.0000   -2.0000  |  =  -10.0000\n",
      "|  -90.0000   12.0000    3.0000    4.0000  150.0000   -1.0000   10.0000    8.0000    0.5000   22.0000    0.0000    3.0000  1300.0000   -6.0000   12.0000  |  =  1000.0000\n",
      "|    7.0000  -300.0000    0.4000    1.0000   12.0000   -5.0000    8.0000   45.0000   -2.0000    0.0000  100.0000   15.0000   -9.0000  600.0000    1.0000  |  =   45.0000\n",
      "|    0.5000    8.0000   -9.0000  100.0000  -400.0000   12.0000    1.0000   -2.0000   33.0000    7.0000    0.0010   -3.0000   12.0000    4.0000  1500.0000  |  =  -900.0000\n",
      "\n",
      "\n",
      "> After Row Swap\n",
      "          X1        X2        X3        X4        X5        X6        X7        X8        X9        X10        X11        X12        X13        X14        X15\n",
      "------------------------------------------------------------------------------------------------------------------------------------------------------------------------\n",
      "|  -200.0000    5.0000    0.0000    1.0000  3000.0000   15.0000   -6.0000    0.0400   22.0000    9.0000   -1.0000   55.0000    8.0000  -400.0000   12.0000  |  =  -800.0000\n",
      "|  500.0000   -0.0500   14.0000  100.0000   -2.0000   67.0000    0.0000   45.0000    1.1000  -300.0000    8.0000   99.0000   -5.0000   12.0000    0.4000  |  =  -200.0000\n",
      "|  -10.0000   22.0000  1500.0000    4.0000   -0.9000   12.0000   33.0000  -500.0000    6.0000    0.0000  100.0000   -2.0000   45.0000    8.0000   -9.0000  |  =  4500.0000\n",
      "|    4.0000    0.1000   -5.0000  800.0000   12.0000  -44.0000    9.0000    2.0000  150.0000   -0.7000   11.0000    3.0000  -60.0000   20.0000    1.0000  |  =   12.7000\n",
      "|    0.0010  450.0000  -12.0000    0.5000  1000.0000   -3.0000   88.0000    1.2000  -90.0000    4.0000   15.0000   -0.0100  200.0000    7.0000  -50.0000  |  =  1500.5000\n",
      "|   12.0000  -90.0000    4.0000   33.0000   -7.0000  1200.0000    1.0000    0.5000   -0.3000   88.0000   14.0000    0.0000   10.0000   -5.0000    6.0000  |  =  333.0000\n",
      "|    0.0000    1.5000  -200.0000   45.0000    8.0000    3.0000  500.0000  -12.0000    7.0000  100.0000   -4.0000   22.0000    1.0000   -9.0000    0.0010  |  =    0.0100\n",
      "|   88.0000   12.0000    9.0000   -0.5000  400.0000    1.0000   15.0000  2500.0000  -10.0000    4.0000    0.6000   -7.0000   33.0000   12.0000   -2.0000  |  =  1200.0000\n",
      "|   -3.0000  500.0000    1.0000   12.0000    0.0000   66.0000   -9.0000    4.0000  1100.0000   15.0000   -2.0000    8.0000    0.4000   -1.0000  100.0000  |  =  -50.0000\n",
      "|   15.0000   -6.0000   88.0000    0.0000  -200.0000   12.0000    4.0000    1.0000    5.0000  900.0000   -0.9000   12.0000    3.0000   44.0000   -7.0000  |  =   99.0000\n",
      "|    1.0000    0.0400  -12.0000  500.0000    3.0000   -8.0000   22.0000   14.0000   -6.0000    2.0000  1800.0000    0.5000   -9.0000  100.0000    4.0000  |  =  250.0000\n",
      "|   55.0000    1.0000   -0.7000   12.0000    4.0000   99.0000    0.0000   -3.0000   15.0000  -400.0000   12.0000  700.0000    1.0000    8.0000   -2.0000  |  =  -10.0000\n",
      "|  -90.0000   12.0000    3.0000    4.0000  150.0000   -1.0000   10.0000    8.0000    0.5000   22.0000    0.0000    3.0000  1300.0000   -6.0000   12.0000  |  =  1000.0000\n",
      "|    7.0000  -300.0000    0.4000    1.0000   12.0000   -5.0000    8.0000   45.0000   -2.0000    0.0000  100.0000   15.0000   -9.0000  600.0000    1.0000  |  =   45.0000\n",
      "|    0.5000    8.0000   -9.0000  100.0000  -400.0000   12.0000    1.0000   -2.0000   33.0000    7.0000    0.0010   -3.0000   12.0000    4.0000  1500.0000  |  =  -900.0000\n",
      "\n",
      "\n",
      "> After Column Swap\n",
      "          X5        X2        X3        X4        X1        X6        X7        X8        X9        X10        X11        X12        X13        X14        X15\n",
      "------------------------------------------------------------------------------------------------------------------------------------------------------------------------\n",
      "|  3000.0000    5.0000    0.0000    1.0000  -200.0000   15.0000   -6.0000    0.0400   22.0000    9.0000   -1.0000   55.0000    8.0000  -400.0000   12.0000  |  =  -800.0000\n",
      "|   -2.0000   -0.0500   14.0000  100.0000  500.0000   67.0000    0.0000   45.0000    1.1000  -300.0000    8.0000   99.0000   -5.0000   12.0000    0.4000  |  =  -200.0000\n",
      "|   -0.9000   22.0000  1500.0000    4.0000  -10.0000   12.0000   33.0000  -500.0000    6.0000    0.0000  100.0000   -2.0000   45.0000    8.0000   -9.0000  |  =  4500.0000\n",
      "|   12.0000    0.1000   -5.0000  800.0000    4.0000  -44.0000    9.0000    2.0000  150.0000   -0.7000   11.0000    3.0000  -60.0000   20.0000    1.0000  |  =   12.7000\n",
      "|  1000.0000  450.0000  -12.0000    0.5000    0.0010   -3.0000   88.0000    1.2000  -90.0000    4.0000   15.0000   -0.0100  200.0000    7.0000  -50.0000  |  =  1500.5000\n",
      "|   -7.0000  -90.0000    4.0000   33.0000   12.0000  1200.0000    1.0000    0.5000   -0.3000   88.0000   14.0000    0.0000   10.0000   -5.0000    6.0000  |  =  333.0000\n",
      "|    8.0000    1.5000  -200.0000   45.0000    0.0000    3.0000  500.0000  -12.0000    7.0000  100.0000   -4.0000   22.0000    1.0000   -9.0000    0.0010  |  =    0.0100\n",
      "|  400.0000   12.0000    9.0000   -0.5000   88.0000    1.0000   15.0000  2500.0000  -10.0000    4.0000    0.6000   -7.0000   33.0000   12.0000   -2.0000  |  =  1200.0000\n",
      "|    0.0000  500.0000    1.0000   12.0000   -3.0000   66.0000   -9.0000    4.0000  1100.0000   15.0000   -2.0000    8.0000    0.4000   -1.0000  100.0000  |  =  -50.0000\n",
      "|  -200.0000   -6.0000   88.0000    0.0000   15.0000   12.0000    4.0000    1.0000    5.0000  900.0000   -0.9000   12.0000    3.0000   44.0000   -7.0000  |  =   99.0000\n",
      "|    3.0000    0.0400  -12.0000  500.0000    1.0000   -8.0000   22.0000   14.0000   -6.0000    2.0000  1800.0000    0.5000   -9.0000  100.0000    4.0000  |  =  250.0000\n",
      "|    4.0000    1.0000   -0.7000   12.0000   55.0000   99.0000    0.0000   -3.0000   15.0000  -400.0000   12.0000  700.0000    1.0000    8.0000   -2.0000  |  =  -10.0000\n",
      "|  150.0000   12.0000    3.0000    4.0000  -90.0000   -1.0000   10.0000    8.0000    0.5000   22.0000    0.0000    3.0000  1300.0000   -6.0000   12.0000  |  =  1000.0000\n",
      "|   12.0000  -300.0000    0.4000    1.0000    7.0000   -5.0000    8.0000   45.0000   -2.0000    0.0000  100.0000   15.0000   -9.0000  600.0000    1.0000  |  =   45.0000\n",
      "|  -400.0000    8.0000   -9.0000  100.0000    0.5000   12.0000    1.0000   -2.0000   33.0000    7.0000    0.0010   -3.0000   12.0000    4.0000  1500.0000  |  =  -900.0000\n",
      "\n",
      "\n",
      "> After Normalizing\n",
      "          X5        X2        X3        X4        X1        X6        X7        X8        X9        X10        X11        X12        X13        X14        X15\n",
      "------------------------------------------------------------------------------------------------------------------------------------------------------------------------\n",
      "|    1.0000    0.0017    0.0000    0.0003   -0.0667    0.0050   -0.0020    0.0000    0.0073    0.0030   -0.0003    0.0183    0.0027   -0.1333    0.0040  |  =   -0.2667\n",
      "|   -2.0000   -0.0500   14.0000  100.0000  500.0000   67.0000    0.0000   45.0000    1.1000  -300.0000    8.0000   99.0000   -5.0000   12.0000    0.4000  |  =  -200.0000\n",
      "|   -0.9000   22.0000  1500.0000    4.0000  -10.0000   12.0000   33.0000  -500.0000    6.0000    0.0000  100.0000   -2.0000   45.0000    8.0000   -9.0000  |  =  4500.0000\n",
      "|   12.0000    0.1000   -5.0000  800.0000    4.0000  -44.0000    9.0000    2.0000  150.0000   -0.7000   11.0000    3.0000  -60.0000   20.0000    1.0000  |  =   12.7000\n",
      "|  1000.0000  450.0000  -12.0000    0.5000    0.0010   -3.0000   88.0000    1.2000  -90.0000    4.0000   15.0000   -0.0100  200.0000    7.0000  -50.0000  |  =  1500.5000\n",
      "|   -7.0000  -90.0000    4.0000   33.0000   12.0000  1200.0000    1.0000    0.5000   -0.3000   88.0000   14.0000    0.0000   10.0000   -5.0000    6.0000  |  =  333.0000\n",
      "|    8.0000    1.5000  -200.0000   45.0000    0.0000    3.0000  500.0000  -12.0000    7.0000  100.0000   -4.0000   22.0000    1.0000   -9.0000    0.0010  |  =    0.0100\n",
      "|  400.0000   12.0000    9.0000   -0.5000   88.0000    1.0000   15.0000  2500.0000  -10.0000    4.0000    0.6000   -7.0000   33.0000   12.0000   -2.0000  |  =  1200.0000\n",
      "|    0.0000  500.0000    1.0000   12.0000   -3.0000   66.0000   -9.0000    4.0000  1100.0000   15.0000   -2.0000    8.0000    0.4000   -1.0000  100.0000  |  =  -50.0000\n",
      "|  -200.0000   -6.0000   88.0000    0.0000   15.0000   12.0000    4.0000    1.0000    5.0000  900.0000   -0.9000   12.0000    3.0000   44.0000   -7.0000  |  =   99.0000\n",
      "|    3.0000    0.0400  -12.0000  500.0000    1.0000   -8.0000   22.0000   14.0000   -6.0000    2.0000  1800.0000    0.5000   -9.0000  100.0000    4.0000  |  =  250.0000\n",
      "|    4.0000    1.0000   -0.7000   12.0000   55.0000   99.0000    0.0000   -3.0000   15.0000  -400.0000   12.0000  700.0000    1.0000    8.0000   -2.0000  |  =  -10.0000\n",
      "|  150.0000   12.0000    3.0000    4.0000  -90.0000   -1.0000   10.0000    8.0000    0.5000   22.0000    0.0000    3.0000  1300.0000   -6.0000   12.0000  |  =  1000.0000\n",
      "|   12.0000  -300.0000    0.4000    1.0000    7.0000   -5.0000    8.0000   45.0000   -2.0000    0.0000  100.0000   15.0000   -9.0000  600.0000    1.0000  |  =   45.0000\n",
      "|  -400.0000    8.0000   -9.0000  100.0000    0.5000   12.0000    1.0000   -2.0000   33.0000    7.0000    0.0010   -3.0000   12.0000    4.0000  1500.0000  |  =  -900.0000\n",
      "\n",
      "\n",
      "> After Zeroing Below\n",
      "          X5        X2        X3        X4        X1        X6        X7        X8        X9        X10        X11        X12        X13        X14        X15\n",
      "------------------------------------------------------------------------------------------------------------------------------------------------------------------------\n",
      "|    1.0000    0.0017    0.0000    0.0003   -0.0667    0.0050   -0.0020    0.0000    0.0073    0.0030   -0.0003    0.0183    0.0027   -0.1333    0.0040  |  =   -0.2667\n",
      "|    0.0000   -0.0467   14.0000  100.0007  499.8667   67.0100   -0.0040   45.0000    1.1147  -299.9940    7.9993   99.0367   -4.9947   11.7333    0.4080  |  =  -200.5333\n",
      "|    0.0000   22.0015  1500.0000    4.0003  -10.0600   12.0045   32.9982  -500.0000    6.0066    0.0027   99.9997   -1.9835   45.0024    7.8800   -8.9964  |  =  4499.7600\n",
      "|    0.0000    0.0800   -5.0000  799.9960    4.8000  -44.0600    9.0240    1.9998  149.9120   -0.7360   11.0040    2.7800  -60.0320   21.6000    0.9520  |  =   15.9000\n",
      "|    0.0000  448.3333  -12.0000    0.1667   66.6677   -8.0000   90.0000    1.1867  -97.3333    1.0000   15.3333  -18.3433  197.3333  140.3333  -54.0000  |  =  1767.1667\n",
      "|    0.0000  -89.9883    4.0000   33.0023   11.5333  1200.0350    0.9860    0.5001   -0.2487   88.0210   13.9977    0.1283   10.0187   -5.9333    6.0280  |  =  331.1333\n",
      "|    0.0000    1.4867  -200.0000   44.9973    0.5333    2.9600  500.0160  -12.0001    6.9413   99.9760   -3.9973   21.8533    0.9787   -7.9333   -0.0310  |  =    2.1433\n",
      "|    0.0000   11.3333    9.0000   -0.6333  114.6667   -1.0000   15.8000  2499.9947  -12.9333    2.8000    0.7333  -14.3333   31.9333   65.3333   -3.6000  |  =  1306.6667\n",
      "|    0.0000  500.0000    1.0000   12.0000   -3.0000   66.0000   -9.0000    4.0000  1100.0000   15.0000   -2.0000    8.0000    0.4000   -1.0000  100.0000  |  =  -50.0000\n",
      "|    0.0000   -5.6667   88.0000    0.0667    1.6667   13.0000    3.6000    1.0027    6.4667  900.6000   -0.9667   15.6667    3.5333   17.3333   -6.2000  |  =   45.6667\n",
      "|    0.0000    0.0350  -12.0000  499.9990    1.2000   -8.0150   22.0060   14.0000   -6.0220    1.9910  1800.0010    0.4450   -9.0080  100.4000    3.9880  |  =  250.8000\n",
      "|    0.0000    0.9933   -0.7000   11.9987   55.2667   98.9800    0.0080   -3.0001   14.9707  -400.0120   12.0013  699.9267    0.9893    8.5333   -2.0160  |  =   -8.9333\n",
      "|    0.0000   11.7500    3.0000    3.9500  -80.0000   -1.7500   10.3000    7.9980   -0.6000   21.5500    0.0500    0.2500  1299.6000   14.0000   11.4000  |  =  1040.0000\n",
      "|    0.0000  -300.0200    0.4000    0.9960    7.8000   -5.0600    8.0240   44.9998   -2.0880   -0.0360  100.0040   14.7800   -9.0320  601.6000    0.9520  |  =   48.2000\n",
      "|    0.0000    8.6667   -9.0000  100.1333  -26.1667   14.0000    0.2000   -1.9947   35.9333    8.2000   -0.1323    4.3333   13.0667  -49.3333  1501.6000  |  =  -1006.6667\n",
      "\n",
      "\n",
      " ------------------------ 2nd Pivot ------------------------\n",
      "> Display Initial\n",
      "          X5        X2        X3        X4        X1        X6        X7        X8        X9        X10        X11        X12        X13        X14        X15\n",
      "------------------------------------------------------------------------------------------------------------------------------------------------------------------------\n",
      "|    1.0000    0.0017    0.0000    0.0003   -0.0667    0.0050   -0.0020    0.0000    0.0073    0.0030   -0.0003    0.0183    0.0027   -0.1333    0.0040  |  =   -0.2667\n",
      "|    0.0000   -0.0467   14.0000  100.0007  499.8667   67.0100   -0.0040   45.0000    1.1147  -299.9940    7.9993   99.0367   -4.9947   11.7333    0.4080  |  =  -200.5333\n",
      "|    0.0000   22.0015  1500.0000    4.0003  -10.0600   12.0045   32.9982  -500.0000    6.0066    0.0027   99.9997   -1.9835   45.0024    7.8800   -8.9964  |  =  4499.7600\n",
      "|    0.0000    0.0800   -5.0000  799.9960    4.8000  -44.0600    9.0240    1.9998  149.9120   -0.7360   11.0040    2.7800  -60.0320   21.6000    0.9520  |  =   15.9000\n",
      "|    0.0000  448.3333  -12.0000    0.1667   66.6677   -8.0000   90.0000    1.1867  -97.3333    1.0000   15.3333  -18.3433  197.3333  140.3333  -54.0000  |  =  1767.1667\n",
      "|    0.0000  -89.9883    4.0000   33.0023   11.5333  1200.0350    0.9860    0.5001   -0.2487   88.0210   13.9977    0.1283   10.0187   -5.9333    6.0280  |  =  331.1333\n",
      "|    0.0000    1.4867  -200.0000   44.9973    0.5333    2.9600  500.0160  -12.0001    6.9413   99.9760   -3.9973   21.8533    0.9787   -7.9333   -0.0310  |  =    2.1433\n",
      "|    0.0000   11.3333    9.0000   -0.6333  114.6667   -1.0000   15.8000  2499.9947  -12.9333    2.8000    0.7333  -14.3333   31.9333   65.3333   -3.6000  |  =  1306.6667\n",
      "|    0.0000  500.0000    1.0000   12.0000   -3.0000   66.0000   -9.0000    4.0000  1100.0000   15.0000   -2.0000    8.0000    0.4000   -1.0000  100.0000  |  =  -50.0000\n",
      "|    0.0000   -5.6667   88.0000    0.0667    1.6667   13.0000    3.6000    1.0027    6.4667  900.6000   -0.9667   15.6667    3.5333   17.3333   -6.2000  |  =   45.6667\n",
      "|    0.0000    0.0350  -12.0000  499.9990    1.2000   -8.0150   22.0060   14.0000   -6.0220    1.9910  1800.0010    0.4450   -9.0080  100.4000    3.9880  |  =  250.8000\n",
      "|    0.0000    0.9933   -0.7000   11.9987   55.2667   98.9800    0.0080   -3.0001   14.9707  -400.0120   12.0013  699.9267    0.9893    8.5333   -2.0160  |  =   -8.9333\n",
      "|    0.0000   11.7500    3.0000    3.9500  -80.0000   -1.7500   10.3000    7.9980   -0.6000   21.5500    0.0500    0.2500  1299.6000   14.0000   11.4000  |  =  1040.0000\n",
      "|    0.0000  -300.0200    0.4000    0.9960    7.8000   -5.0600    8.0240   44.9998   -2.0880   -0.0360  100.0040   14.7800   -9.0320  601.6000    0.9520  |  =   48.2000\n",
      "|    0.0000    8.6667   -9.0000  100.1333  -26.1667   14.0000    0.2000   -1.9947   35.9333    8.2000   -0.1323    4.3333   13.0667  -49.3333  1501.6000  |  =  -1006.6667\n",
      "\n",
      "\n",
      "> After Row Swap\n",
      "          X5        X2        X3        X4        X1        X6        X7        X8        X9        X10        X11        X12        X13        X14        X15\n",
      "------------------------------------------------------------------------------------------------------------------------------------------------------------------------\n",
      "|    1.0000    0.0017    0.0000    0.0003   -0.0667    0.0050   -0.0020    0.0000    0.0073    0.0030   -0.0003    0.0183    0.0027   -0.1333    0.0040  |  =   -0.2667\n",
      "|    0.0000   11.3333    9.0000   -0.6333  114.6667   -1.0000   15.8000  2499.9947  -12.9333    2.8000    0.7333  -14.3333   31.9333   65.3333   -3.6000  |  =  1306.6667\n",
      "|    0.0000   22.0015  1500.0000    4.0003  -10.0600   12.0045   32.9982  -500.0000    6.0066    0.0027   99.9997   -1.9835   45.0024    7.8800   -8.9964  |  =  4499.7600\n",
      "|    0.0000    0.0800   -5.0000  799.9960    4.8000  -44.0600    9.0240    1.9998  149.9120   -0.7360   11.0040    2.7800  -60.0320   21.6000    0.9520  |  =   15.9000\n",
      "|    0.0000  448.3333  -12.0000    0.1667   66.6677   -8.0000   90.0000    1.1867  -97.3333    1.0000   15.3333  -18.3433  197.3333  140.3333  -54.0000  |  =  1767.1667\n",
      "|    0.0000  -89.9883    4.0000   33.0023   11.5333  1200.0350    0.9860    0.5001   -0.2487   88.0210   13.9977    0.1283   10.0187   -5.9333    6.0280  |  =  331.1333\n",
      "|    0.0000    1.4867  -200.0000   44.9973    0.5333    2.9600  500.0160  -12.0001    6.9413   99.9760   -3.9973   21.8533    0.9787   -7.9333   -0.0310  |  =    2.1433\n",
      "|    0.0000   -0.0467   14.0000  100.0007  499.8667   67.0100   -0.0040   45.0000    1.1147  -299.9940    7.9993   99.0367   -4.9947   11.7333    0.4080  |  =  -200.5333\n",
      "|    0.0000  500.0000    1.0000   12.0000   -3.0000   66.0000   -9.0000    4.0000  1100.0000   15.0000   -2.0000    8.0000    0.4000   -1.0000  100.0000  |  =  -50.0000\n",
      "|    0.0000   -5.6667   88.0000    0.0667    1.6667   13.0000    3.6000    1.0027    6.4667  900.6000   -0.9667   15.6667    3.5333   17.3333   -6.2000  |  =   45.6667\n",
      "|    0.0000    0.0350  -12.0000  499.9990    1.2000   -8.0150   22.0060   14.0000   -6.0220    1.9910  1800.0010    0.4450   -9.0080  100.4000    3.9880  |  =  250.8000\n",
      "|    0.0000    0.9933   -0.7000   11.9987   55.2667   98.9800    0.0080   -3.0001   14.9707  -400.0120   12.0013  699.9267    0.9893    8.5333   -2.0160  |  =   -8.9333\n",
      "|    0.0000   11.7500    3.0000    3.9500  -80.0000   -1.7500   10.3000    7.9980   -0.6000   21.5500    0.0500    0.2500  1299.6000   14.0000   11.4000  |  =  1040.0000\n",
      "|    0.0000  -300.0200    0.4000    0.9960    7.8000   -5.0600    8.0240   44.9998   -2.0880   -0.0360  100.0040   14.7800   -9.0320  601.6000    0.9520  |  =   48.2000\n",
      "|    0.0000    8.6667   -9.0000  100.1333  -26.1667   14.0000    0.2000   -1.9947   35.9333    8.2000   -0.1323    4.3333   13.0667  -49.3333  1501.6000  |  =  -1006.6667\n",
      "\n",
      "\n",
      "> After Column Swap\n",
      "          X5        X8        X3        X4        X1        X6        X7        X2        X9        X10        X11        X12        X13        X14        X15\n",
      "------------------------------------------------------------------------------------------------------------------------------------------------------------------------\n",
      "|    1.0000    0.0000    0.0000    0.0003   -0.0667    0.0050   -0.0020    0.0017    0.0073    0.0030   -0.0003    0.0183    0.0027   -0.1333    0.0040  |  =   -0.2667\n",
      "|    0.0000  2499.9947    9.0000   -0.6333  114.6667   -1.0000   15.8000   11.3333  -12.9333    2.8000    0.7333  -14.3333   31.9333   65.3333   -3.6000  |  =  1306.6667\n",
      "|    0.0000  -500.0000  1500.0000    4.0003  -10.0600   12.0045   32.9982   22.0015    6.0066    0.0027   99.9997   -1.9835   45.0024    7.8800   -8.9964  |  =  4499.7600\n",
      "|    0.0000    1.9998   -5.0000  799.9960    4.8000  -44.0600    9.0240    0.0800  149.9120   -0.7360   11.0040    2.7800  -60.0320   21.6000    0.9520  |  =   15.9000\n",
      "|    0.0000    1.1867  -12.0000    0.1667   66.6677   -8.0000   90.0000  448.3333  -97.3333    1.0000   15.3333  -18.3433  197.3333  140.3333  -54.0000  |  =  1767.1667\n",
      "|    0.0000    0.5001    4.0000   33.0023   11.5333  1200.0350    0.9860  -89.9883   -0.2487   88.0210   13.9977    0.1283   10.0187   -5.9333    6.0280  |  =  331.1333\n",
      "|    0.0000  -12.0001  -200.0000   44.9973    0.5333    2.9600  500.0160    1.4867    6.9413   99.9760   -3.9973   21.8533    0.9787   -7.9333   -0.0310  |  =    2.1433\n",
      "|    0.0000   45.0000   14.0000  100.0007  499.8667   67.0100   -0.0040   -0.0467    1.1147  -299.9940    7.9993   99.0367   -4.9947   11.7333    0.4080  |  =  -200.5333\n",
      "|    0.0000    4.0000    1.0000   12.0000   -3.0000   66.0000   -9.0000  500.0000  1100.0000   15.0000   -2.0000    8.0000    0.4000   -1.0000  100.0000  |  =  -50.0000\n",
      "|    0.0000    1.0027   88.0000    0.0667    1.6667   13.0000    3.6000   -5.6667    6.4667  900.6000   -0.9667   15.6667    3.5333   17.3333   -6.2000  |  =   45.6667\n",
      "|    0.0000   14.0000  -12.0000  499.9990    1.2000   -8.0150   22.0060    0.0350   -6.0220    1.9910  1800.0010    0.4450   -9.0080  100.4000    3.9880  |  =  250.8000\n",
      "|    0.0000   -3.0001   -0.7000   11.9987   55.2667   98.9800    0.0080    0.9933   14.9707  -400.0120   12.0013  699.9267    0.9893    8.5333   -2.0160  |  =   -8.9333\n",
      "|    0.0000    7.9980    3.0000    3.9500  -80.0000   -1.7500   10.3000   11.7500   -0.6000   21.5500    0.0500    0.2500  1299.6000   14.0000   11.4000  |  =  1040.0000\n",
      "|    0.0000   44.9998    0.4000    0.9960    7.8000   -5.0600    8.0240  -300.0200   -2.0880   -0.0360  100.0040   14.7800   -9.0320  601.6000    0.9520  |  =   48.2000\n",
      "|    0.0000   -1.9947   -9.0000  100.1333  -26.1667   14.0000    0.2000    8.6667   35.9333    8.2000   -0.1323    4.3333   13.0667  -49.3333  1501.6000  |  =  -1006.6667\n",
      "\n",
      "\n",
      "> After Normalizing\n",
      "          X5        X8        X3        X4        X1        X6        X7        X2        X9        X10        X11        X12        X13        X14        X15\n",
      "------------------------------------------------------------------------------------------------------------------------------------------------------------------------\n",
      "|    1.0000    0.0000    0.0000    0.0003   -0.0667    0.0050   -0.0020    0.0017    0.0073    0.0030   -0.0003    0.0183    0.0027   -0.1333    0.0040  |  =   -0.2667\n",
      "|    0.0000    1.0000    0.0036   -0.0003    0.0459   -0.0004    0.0063    0.0045   -0.0052    0.0011    0.0003   -0.0057    0.0128    0.0261   -0.0014  |  =    0.5227\n",
      "|    0.0000  -500.0000  1500.0000    4.0003  -10.0600   12.0045   32.9982   22.0015    6.0066    0.0027   99.9997   -1.9835   45.0024    7.8800   -8.9964  |  =  4499.7600\n",
      "|    0.0000    1.9998   -5.0000  799.9960    4.8000  -44.0600    9.0240    0.0800  149.9120   -0.7360   11.0040    2.7800  -60.0320   21.6000    0.9520  |  =   15.9000\n",
      "|    0.0000    1.1867  -12.0000    0.1667   66.6677   -8.0000   90.0000  448.3333  -97.3333    1.0000   15.3333  -18.3433  197.3333  140.3333  -54.0000  |  =  1767.1667\n",
      "|    0.0000    0.5001    4.0000   33.0023   11.5333  1200.0350    0.9860  -89.9883   -0.2487   88.0210   13.9977    0.1283   10.0187   -5.9333    6.0280  |  =  331.1333\n",
      "|    0.0000  -12.0001  -200.0000   44.9973    0.5333    2.9600  500.0160    1.4867    6.9413   99.9760   -3.9973   21.8533    0.9787   -7.9333   -0.0310  |  =    2.1433\n",
      "|    0.0000   45.0000   14.0000  100.0007  499.8667   67.0100   -0.0040   -0.0467    1.1147  -299.9940    7.9993   99.0367   -4.9947   11.7333    0.4080  |  =  -200.5333\n",
      "|    0.0000    4.0000    1.0000   12.0000   -3.0000   66.0000   -9.0000  500.0000  1100.0000   15.0000   -2.0000    8.0000    0.4000   -1.0000  100.0000  |  =  -50.0000\n",
      "|    0.0000    1.0027   88.0000    0.0667    1.6667   13.0000    3.6000   -5.6667    6.4667  900.6000   -0.9667   15.6667    3.5333   17.3333   -6.2000  |  =   45.6667\n",
      "|    0.0000   14.0000  -12.0000  499.9990    1.2000   -8.0150   22.0060    0.0350   -6.0220    1.9910  1800.0010    0.4450   -9.0080  100.4000    3.9880  |  =  250.8000\n",
      "|    0.0000   -3.0001   -0.7000   11.9987   55.2667   98.9800    0.0080    0.9933   14.9707  -400.0120   12.0013  699.9267    0.9893    8.5333   -2.0160  |  =   -8.9333\n",
      "|    0.0000    7.9980    3.0000    3.9500  -80.0000   -1.7500   10.3000   11.7500   -0.6000   21.5500    0.0500    0.2500  1299.6000   14.0000   11.4000  |  =  1040.0000\n",
      "|    0.0000   44.9998    0.4000    0.9960    7.8000   -5.0600    8.0240  -300.0200   -2.0880   -0.0360  100.0040   14.7800   -9.0320  601.6000    0.9520  |  =   48.2000\n",
      "|    0.0000   -1.9947   -9.0000  100.1333  -26.1667   14.0000    0.2000    8.6667   35.9333    8.2000   -0.1323    4.3333   13.0667  -49.3333  1501.6000  |  =  -1006.6667\n",
      "\n",
      "\n",
      "> After Zeroing Below\n",
      "          X5        X8        X3        X4        X1        X6        X7        X2        X9        X10        X11        X12        X13        X14        X15\n",
      "------------------------------------------------------------------------------------------------------------------------------------------------------------------------\n",
      "|    1.0000    0.0000    0.0000    0.0003   -0.0667    0.0050   -0.0020    0.0017    0.0073    0.0030   -0.0003    0.0183    0.0027   -0.1333    0.0040  |  =   -0.2667\n",
      "|    0.0000    1.0000    0.0036   -0.0003    0.0459   -0.0004    0.0063    0.0045   -0.0052    0.0011    0.0003   -0.0057    0.0128    0.0261   -0.0014  |  =    0.5227\n",
      "|    0.0000    0.0000  1501.8000    3.8736   12.8734   11.8045   36.1582   24.2682    3.4199    0.5627  100.1464   -4.8502   51.3891   20.9467   -9.7164  |  =  4761.0939\n",
      "|    0.0000    0.0000   -5.0072  799.9965    4.7083  -44.0592    9.0114    0.0709  149.9223   -0.7382   11.0034    2.7915  -60.0575   21.5477    0.9549  |  =   14.8547\n",
      "|    0.0000    0.0000  -12.0043    0.1670   66.6132   -7.9995   89.9925  448.3280  -97.3272    0.9987   15.3330  -18.3365  197.3182  140.3023  -53.9983  |  =  1766.5464\n",
      "|    0.0000    0.0000    3.9982   33.0025   11.5104  1200.0352    0.9828  -89.9906   -0.2461   88.0204   13.9975    0.1312   10.0123   -5.9464    6.0287  |  =  330.8720\n",
      "|    0.0000    0.0000  -199.9568   44.9943    1.0837    2.9552  500.0918    1.5411    6.8793   99.9894   -3.9938   21.7845    1.1319   -7.6197   -0.0483  |  =    8.4154\n",
      "|    0.0000    0.0000   13.8380  100.0121  497.8027   67.0280   -0.2884   -0.2507    1.3475  -300.0444    7.9861   99.2947   -5.5695   10.5573    0.4728  |  =  -224.0534\n",
      "|    0.0000    0.0000    0.9856   12.0010   -3.1835   66.0016   -9.0253  499.9819  1100.0207   14.9955   -2.0012    8.0229    0.3489   -1.1045  100.0058  |  =  -52.0907\n",
      "|    0.0000    0.0000   87.9964    0.0669    1.6207   13.0004    3.5937   -5.6712    6.4719  900.5989   -0.9670   15.6724    3.5205   17.3071   -6.1986  |  =   45.1426\n",
      "|    0.0000    0.0000  -12.0504  500.0025    0.5579   -8.0094   21.9175   -0.0285   -5.9496    1.9753  1799.9969    0.5253   -9.1868  100.0341    4.0082  |  =  243.4827\n",
      "|    0.0000    0.0000   -0.6892   11.9979   55.4043   98.9788    0.0270    1.0069   14.9551  -400.0086   12.0022  699.9095    1.0277    8.6117   -2.0203  |  =   -7.3653\n",
      "|    0.0000    0.0000    2.9712    3.9520  -80.3668   -1.7468   10.2495   11.7137   -0.5586   21.5410    0.0477    0.2959  1299.4978   13.7910   11.4115  |  =  1035.8197\n",
      "|    0.0000    0.0000    0.2380    1.0074    5.7360   -5.0420    7.7396  -300.2240   -1.8552   -0.0864   99.9908   15.0380   -9.6068  600.4240    1.0168  |  =   24.6800\n",
      "|    0.0000    0.0000   -8.9928  100.1328  -26.0752   13.9992    0.2126    8.6757   35.9230    8.2022   -0.1317    4.3219   13.0921  -49.2812  1501.5971  |  =  -1005.6241\n",
      "\n",
      "\n",
      " ------------------------ 3rd Pivot ------------------------\n",
      "> Display Initial\n",
      "          X5        X8        X3        X4        X1        X6        X7        X2        X9        X10        X11        X12        X13        X14        X15\n",
      "------------------------------------------------------------------------------------------------------------------------------------------------------------------------\n",
      "|    1.0000    0.0000    0.0000    0.0003   -0.0667    0.0050   -0.0020    0.0017    0.0073    0.0030   -0.0003    0.0183    0.0027   -0.1333    0.0040  |  =   -0.2667\n",
      "|    0.0000    1.0000    0.0036   -0.0003    0.0459   -0.0004    0.0063    0.0045   -0.0052    0.0011    0.0003   -0.0057    0.0128    0.0261   -0.0014  |  =    0.5227\n",
      "|    0.0000    0.0000  1501.8000    3.8736   12.8734   11.8045   36.1582   24.2682    3.4199    0.5627  100.1464   -4.8502   51.3891   20.9467   -9.7164  |  =  4761.0939\n",
      "|    0.0000    0.0000   -5.0072  799.9965    4.7083  -44.0592    9.0114    0.0709  149.9223   -0.7382   11.0034    2.7915  -60.0575   21.5477    0.9549  |  =   14.8547\n",
      "|    0.0000    0.0000  -12.0043    0.1670   66.6132   -7.9995   89.9925  448.3280  -97.3272    0.9987   15.3330  -18.3365  197.3182  140.3023  -53.9983  |  =  1766.5464\n",
      "|    0.0000    0.0000    3.9982   33.0025   11.5104  1200.0352    0.9828  -89.9906   -0.2461   88.0204   13.9975    0.1312   10.0123   -5.9464    6.0287  |  =  330.8720\n",
      "|    0.0000    0.0000  -199.9568   44.9943    1.0837    2.9552  500.0918    1.5411    6.8793   99.9894   -3.9938   21.7845    1.1319   -7.6197   -0.0483  |  =    8.4154\n",
      "|    0.0000    0.0000   13.8380  100.0121  497.8027   67.0280   -0.2884   -0.2507    1.3475  -300.0444    7.9861   99.2947   -5.5695   10.5573    0.4728  |  =  -224.0534\n",
      "|    0.0000    0.0000    0.9856   12.0010   -3.1835   66.0016   -9.0253  499.9819  1100.0207   14.9955   -2.0012    8.0229    0.3489   -1.1045  100.0058  |  =  -52.0907\n",
      "|    0.0000    0.0000   87.9964    0.0669    1.6207   13.0004    3.5937   -5.6712    6.4719  900.5989   -0.9670   15.6724    3.5205   17.3071   -6.1986  |  =   45.1426\n",
      "|    0.0000    0.0000  -12.0504  500.0025    0.5579   -8.0094   21.9175   -0.0285   -5.9496    1.9753  1799.9969    0.5253   -9.1868  100.0341    4.0082  |  =  243.4827\n",
      "|    0.0000    0.0000   -0.6892   11.9979   55.4043   98.9788    0.0270    1.0069   14.9551  -400.0086   12.0022  699.9095    1.0277    8.6117   -2.0203  |  =   -7.3653\n",
      "|    0.0000    0.0000    2.9712    3.9520  -80.3668   -1.7468   10.2495   11.7137   -0.5586   21.5410    0.0477    0.2959  1299.4978   13.7910   11.4115  |  =  1035.8197\n",
      "|    0.0000    0.0000    0.2380    1.0074    5.7360   -5.0420    7.7396  -300.2240   -1.8552   -0.0864   99.9908   15.0380   -9.6068  600.4240    1.0168  |  =   24.6800\n",
      "|    0.0000    0.0000   -8.9928  100.1328  -26.0752   13.9992    0.2126    8.6757   35.9230    8.2022   -0.1317    4.3219   13.0921  -49.2812  1501.5971  |  =  -1005.6241\n",
      "\n",
      "\n",
      "> After Row Swap\n",
      "          X5        X8        X3        X4        X1        X6        X7        X2        X9        X10        X11        X12        X13        X14        X15\n",
      "------------------------------------------------------------------------------------------------------------------------------------------------------------------------\n",
      "|    1.0000    0.0000    0.0000    0.0003   -0.0667    0.0050   -0.0020    0.0017    0.0073    0.0030   -0.0003    0.0183    0.0027   -0.1333    0.0040  |  =   -0.2667\n",
      "|    0.0000    1.0000    0.0036   -0.0003    0.0459   -0.0004    0.0063    0.0045   -0.0052    0.0011    0.0003   -0.0057    0.0128    0.0261   -0.0014  |  =    0.5227\n",
      "|    0.0000    0.0000  -12.0504  500.0025    0.5579   -8.0094   21.9175   -0.0285   -5.9496    1.9753  1799.9969    0.5253   -9.1868  100.0341    4.0082  |  =  243.4827\n",
      "|    0.0000    0.0000   -5.0072  799.9965    4.7083  -44.0592    9.0114    0.0709  149.9223   -0.7382   11.0034    2.7915  -60.0575   21.5477    0.9549  |  =   14.8547\n",
      "|    0.0000    0.0000  -12.0043    0.1670   66.6132   -7.9995   89.9925  448.3280  -97.3272    0.9987   15.3330  -18.3365  197.3182  140.3023  -53.9983  |  =  1766.5464\n",
      "|    0.0000    0.0000    3.9982   33.0025   11.5104  1200.0352    0.9828  -89.9906   -0.2461   88.0204   13.9975    0.1312   10.0123   -5.9464    6.0287  |  =  330.8720\n",
      "|    0.0000    0.0000  -199.9568   44.9943    1.0837    2.9552  500.0918    1.5411    6.8793   99.9894   -3.9938   21.7845    1.1319   -7.6197   -0.0483  |  =    8.4154\n",
      "|    0.0000    0.0000   13.8380  100.0121  497.8027   67.0280   -0.2884   -0.2507    1.3475  -300.0444    7.9861   99.2947   -5.5695   10.5573    0.4728  |  =  -224.0534\n",
      "|    0.0000    0.0000    0.9856   12.0010   -3.1835   66.0016   -9.0253  499.9819  1100.0207   14.9955   -2.0012    8.0229    0.3489   -1.1045  100.0058  |  =  -52.0907\n",
      "|    0.0000    0.0000   87.9964    0.0669    1.6207   13.0004    3.5937   -5.6712    6.4719  900.5989   -0.9670   15.6724    3.5205   17.3071   -6.1986  |  =   45.1426\n",
      "|    0.0000    0.0000  1501.8000    3.8736   12.8734   11.8045   36.1582   24.2682    3.4199    0.5627  100.1464   -4.8502   51.3891   20.9467   -9.7164  |  =  4761.0939\n",
      "|    0.0000    0.0000   -0.6892   11.9979   55.4043   98.9788    0.0270    1.0069   14.9551  -400.0086   12.0022  699.9095    1.0277    8.6117   -2.0203  |  =   -7.3653\n",
      "|    0.0000    0.0000    2.9712    3.9520  -80.3668   -1.7468   10.2495   11.7137   -0.5586   21.5410    0.0477    0.2959  1299.4978   13.7910   11.4115  |  =  1035.8197\n",
      "|    0.0000    0.0000    0.2380    1.0074    5.7360   -5.0420    7.7396  -300.2240   -1.8552   -0.0864   99.9908   15.0380   -9.6068  600.4240    1.0168  |  =   24.6800\n",
      "|    0.0000    0.0000   -8.9928  100.1328  -26.0752   13.9992    0.2126    8.6757   35.9230    8.2022   -0.1317    4.3219   13.0921  -49.2812  1501.5971  |  =  -1005.6241\n",
      "\n",
      "\n",
      "> After Column Swap\n",
      "          X5        X8        X11        X4        X1        X6        X7        X2        X9        X10        X3        X12        X13        X14        X15\n",
      "------------------------------------------------------------------------------------------------------------------------------------------------------------------------\n",
      "|    1.0000    0.0000   -0.0003    0.0003   -0.0667    0.0050   -0.0020    0.0017    0.0073    0.0030    0.0000    0.0183    0.0027   -0.1333    0.0040  |  =   -0.2667\n",
      "|    0.0000    1.0000    0.0003   -0.0003    0.0459   -0.0004    0.0063    0.0045   -0.0052    0.0011    0.0036   -0.0057    0.0128    0.0261   -0.0014  |  =    0.5227\n",
      "|    0.0000    0.0000  1799.9969  500.0025    0.5579   -8.0094   21.9175   -0.0285   -5.9496    1.9753  -12.0504    0.5253   -9.1868  100.0341    4.0082  |  =  243.4827\n",
      "|    0.0000    0.0000   11.0034  799.9965    4.7083  -44.0592    9.0114    0.0709  149.9223   -0.7382   -5.0072    2.7915  -60.0575   21.5477    0.9549  |  =   14.8547\n",
      "|    0.0000    0.0000   15.3330    0.1670   66.6132   -7.9995   89.9925  448.3280  -97.3272    0.9987  -12.0043  -18.3365  197.3182  140.3023  -53.9983  |  =  1766.5464\n",
      "|    0.0000    0.0000   13.9975   33.0025   11.5104  1200.0352    0.9828  -89.9906   -0.2461   88.0204    3.9982    0.1312   10.0123   -5.9464    6.0287  |  =  330.8720\n",
      "|    0.0000    0.0000   -3.9938   44.9943    1.0837    2.9552  500.0918    1.5411    6.8793   99.9894  -199.9568   21.7845    1.1319   -7.6197   -0.0483  |  =    8.4154\n",
      "|    0.0000    0.0000    7.9861  100.0121  497.8027   67.0280   -0.2884   -0.2507    1.3475  -300.0444   13.8380   99.2947   -5.5695   10.5573    0.4728  |  =  -224.0534\n",
      "|    0.0000    0.0000   -2.0012   12.0010   -3.1835   66.0016   -9.0253  499.9819  1100.0207   14.9955    0.9856    8.0229    0.3489   -1.1045  100.0058  |  =  -52.0907\n",
      "|    0.0000    0.0000   -0.9670    0.0669    1.6207   13.0004    3.5937   -5.6712    6.4719  900.5989   87.9964   15.6724    3.5205   17.3071   -6.1986  |  =   45.1426\n",
