{
 "cells": [
  {
   "cell_type": "code",
   "execution_count": 31,
   "id": "ebb8129c-141e-4905-80d3-3247888ff46c",
   "metadata": {},
   "outputs": [
    {
     "name": "stdout",
     "output_type": "stream",
     "text": [
      " ------------------------ 1st Pivot ------------------------\n",
      "> Display Initial\n",
      "          X1        X2        X3        X4        X5        X6        X7        X8        X9        X10        X11        X12        X13        X14        X15\n",
      "------------------------------------------------------------------------------------------------------------------------------------------------------------------------\n",
      "|    5.0000    2.0000    0.0000    1.0000    3.0000   -1.0000    4.0000    2.0000    1.0000    0.0000    5.0000   -2.0000    3.0000    1.0000    4.0000  |  =   15.0000\n",
      "|    1.0000    7.0000   -2.0000    3.0000    0.0000    4.0000    1.0000   -1.0000    2.0000    5.0000    0.0000    3.0000   -1.0000    2.0000    6.0000  |  =   22.0000\n",
      "|    3.0000   -1.0000    8.0000    2.0000    5.0000    1.0000    0.0000    4.0000    3.0000   -2.0000    1.0000    6.0000    4.0000    0.0000    2.0000  |  =    8.0000\n",
      "|    0.0000    4.0000    1.0000    6.0000   -2.0000    3.0000    5.0000    1.0000    0.0000    7.0000   -1.0000    4.0000    2.0000    3.0000    1.0000  |  =   12.0000\n",
      "|    2.0000    0.0000    5.0000   -1.0000    9.0000    2.0000    4.0000    3.0000    1.0000    0.0000    6.0000   -3.0000    2.0000    5.0000    1.0000  |  =   30.0000\n",
      "|   -1.0000    3.0000    2.0000    4.0000    1.0000    7.0000    0.0000    5.0000    2.0000    1.0000   -4.0000    2.0000    3.0000    6.0000    0.0000  |  =    5.0000\n",
      "|    4.0000    1.0000    0.0000    5.0000    3.0000    0.0000    8.0000   -2.0000    1.0000    4.0000    2.0000    5.0000    0.0000    1.0000    3.0000  |  =   18.0000\n",
      "|    2.0000   -1.0000    4.0000    1.0000    2.0000    5.0000   -2.0000    9.0000    3.0000    0.0000    1.0000    4.0000    6.0000   -2.0000    1.0000  |  =   10.0000\n",
      "|    1.0000    2.0000    3.0000    0.0000    1.0000    2.0000    1.0000    3.0000   10.0000   -1.0000    2.0000    0.0000    4.0000    5.0000    3.0000  |  =   45.0000\n",
      "|    0.0000    5.0000   -2.0000    7.0000    0.0000    1.0000    4.0000    0.0000   -1.0000    8.0000    3.0000    2.0000    1.0000    4.0000    5.0000  |  =   20.0000\n",
      "|    5.0000    0.0000    1.0000   -1.0000    6.0000   -4.0000    2.0000    1.0000    2.0000    3.0000   11.0000    0.0000    5.0000   -1.0000    2.0000  |  =   11.0000\n",
      "|   -2.0000    3.0000    6.0000    4.0000   -3.0000    2.0000    5.0000    4.0000    0.0000    2.0000    0.0000   12.0000    1.0000    3.0000    4.0000  |  =   33.0000\n",
      "|    3.0000   -1.0000    4.0000    2.0000    2.0000    3.0000    0.0000    6.0000    4.0000    1.0000    5.0000    1.0000   10.0000   -2.0000    1.0000  |  =   25.0000\n",
      "|    1.0000    2.0000    0.0000    3.0000    5.0000    6.0000    1.0000   -2.0000    5.0000    4.0000   -1.0000    3.0000   -2.0000   13.0000    0.0000  |  =   14.0000\n",
      "|    4.0000    6.0000    2.0000    1.0000    1.0000    0.0000    3.0000    1.0000    3.0000    5.0000    2.0000    4.0000    1.0000    0.0000   14.0000  |  =   50.0000\n",
      "\n",
      "\n",
      "> After Row Swap\n",
      "          X1        X2        X3        X4        X5        X6        X7        X8        X9        X10        X11        X12        X13        X14        X15\n",
      "------------------------------------------------------------------------------------------------------------------------------------------------------------------------\n",
      "|    4.0000    6.0000    2.0000    1.0000    1.0000    0.0000    3.0000    1.0000    3.0000    5.0000    2.0000    4.0000    1.0000    0.0000   14.0000  |  =   50.0000\n",
      "|    1.0000    7.0000   -2.0000    3.0000    0.0000    4.0000    1.0000   -1.0000    2.0000    5.0000    0.0000    3.0000   -1.0000    2.0000    6.0000  |  =   22.0000\n",
      "|    3.0000   -1.0000    8.0000    2.0000    5.0000    1.0000    0.0000    4.0000    3.0000   -2.0000    1.0000    6.0000    4.0000    0.0000    2.0000  |  =    8.0000\n",
      "|    0.0000    4.0000    1.0000    6.0000   -2.0000    3.0000    5.0000    1.0000    0.0000    7.0000   -1.0000    4.0000    2.0000    3.0000    1.0000  |  =   12.0000\n",
      "|    2.0000    0.0000    5.0000   -1.0000    9.0000    2.0000    4.0000    3.0000    1.0000    0.0000    6.0000   -3.0000    2.0000    5.0000    1.0000  |  =   30.0000\n",
      "|   -1.0000    3.0000    2.0000    4.0000    1.0000    7.0000    0.0000    5.0000    2.0000    1.0000   -4.0000    2.0000    3.0000    6.0000    0.0000  |  =    5.0000\n",
      "|    4.0000    1.0000    0.0000    5.0000    3.0000    0.0000    8.0000   -2.0000    1.0000    4.0000    2.0000    5.0000    0.0000    1.0000    3.0000  |  =   18.0000\n",
      "|    2.0000   -1.0000    4.0000    1.0000    2.0000    5.0000   -2.0000    9.0000    3.0000    0.0000    1.0000    4.0000    6.0000   -2.0000    1.0000  |  =   10.0000\n",
      "|    1.0000    2.0000    3.0000    0.0000    1.0000    2.0000    1.0000    3.0000   10.0000   -1.0000    2.0000    0.0000    4.0000    5.0000    3.0000  |  =   45.0000\n",
      "|    0.0000    5.0000   -2.0000    7.0000    0.0000    1.0000    4.0000    0.0000   -1.0000    8.0000    3.0000    2.0000    1.0000    4.0000    5.0000  |  =   20.0000\n",
      "|    5.0000    0.0000    1.0000   -1.0000    6.0000   -4.0000    2.0000    1.0000    2.0000    3.0000   11.0000    0.0000    5.0000   -1.0000    2.0000  |  =   11.0000\n",
      "|   -2.0000    3.0000    6.0000    4.0000   -3.0000    2.0000    5.0000    4.0000    0.0000    2.0000    0.0000   12.0000    1.0000    3.0000    4.0000  |  =   33.0000\n",
      "|    3.0000   -1.0000    4.0000    2.0000    2.0000    3.0000    0.0000    6.0000    4.0000    1.0000    5.0000    1.0000   10.0000   -2.0000    1.0000  |  =   25.0000\n",
      "|    1.0000    2.0000    0.0000    3.0000    5.0000    6.0000    1.0000   -2.0000    5.0000    4.0000   -1.0000    3.0000   -2.0000   13.0000    0.0000  |  =   14.0000\n",
      "|    5.0000    2.0000    0.0000    1.0000    3.0000   -1.0000    4.0000    2.0000    1.0000    0.0000    5.0000   -2.0000    3.0000    1.0000    4.0000  |  =   15.0000\n",
      "\n",
      "\n",
      "> After Column Swap\n",
      "          X15        X2        X3        X4        X5        X6        X7        X8        X9        X10        X11        X12        X13        X14        X1\n",
      "------------------------------------------------------------------------------------------------------------------------------------------------------------------------\n",
      "|   14.0000    6.0000    2.0000    1.0000    1.0000    0.0000    3.0000    1.0000    3.0000    5.0000    2.0000    4.0000    1.0000    0.0000    4.0000  |  =   50.0000\n",
      "|    6.0000    7.0000   -2.0000    3.0000    0.0000    4.0000    1.0000   -1.0000    2.0000    5.0000    0.0000    3.0000   -1.0000    2.0000    1.0000  |  =   22.0000\n",
      "|    2.0000   -1.0000    8.0000    2.0000    5.0000    1.0000    0.0000    4.0000    3.0000   -2.0000    1.0000    6.0000    4.0000    0.0000    3.0000  |  =    8.0000\n",
      "|    1.0000    4.0000    1.0000    6.0000   -2.0000    3.0000    5.0000    1.0000    0.0000    7.0000   -1.0000    4.0000    2.0000    3.0000    0.0000  |  =   12.0000\n",
      "|    1.0000    0.0000    5.0000   -1.0000    9.0000    2.0000    4.0000    3.0000    1.0000    0.0000    6.0000   -3.0000    2.0000    5.0000    2.0000  |  =   30.0000\n",
      "|    0.0000    3.0000    2.0000    4.0000    1.0000    7.0000    0.0000    5.0000    2.0000    1.0000   -4.0000    2.0000    3.0000    6.0000   -1.0000  |  =    5.0000\n",
      "|    3.0000    1.0000    0.0000    5.0000    3.0000    0.0000    8.0000   -2.0000    1.0000    4.0000    2.0000    5.0000    0.0000    1.0000    4.0000  |  =   18.0000\n",
      "|    1.0000   -1.0000    4.0000    1.0000    2.0000    5.0000   -2.0000    9.0000    3.0000    0.0000    1.0000    4.0000    6.0000   -2.0000    2.0000  |  =   10.0000\n",
      "|    3.0000    2.0000    3.0000    0.0000    1.0000    2.0000    1.0000    3.0000   10.0000   -1.0000    2.0000    0.0000    4.0000    5.0000    1.0000  |  =   45.0000\n",
      "|    5.0000    5.0000   -2.0000    7.0000    0.0000    1.0000    4.0000    0.0000   -1.0000    8.0000    3.0000    2.0000    1.0000    4.0000    0.0000  |  =   20.0000\n",
      "|    2.0000    0.0000    1.0000   -1.0000    6.0000   -4.0000    2.0000    1.0000    2.0000    3.0000   11.0000    0.0000    5.0000   -1.0000    5.0000  |  =   11.0000\n",
      "|    4.0000    3.0000    6.0000    4.0000   -3.0000    2.0000    5.0000    4.0000    0.0000    2.0000    0.0000   12.0000    1.0000    3.0000   -2.0000  |  =   33.0000\n",
      "|    1.0000   -1.0000    4.0000    2.0000    2.0000    3.0000    0.0000    6.0000    4.0000    1.0000    5.0000    1.0000   10.0000   -2.0000    3.0000  |  =   25.0000\n",
      "|    0.0000    2.0000    0.0000    3.0000    5.0000    6.0000    1.0000   -2.0000    5.0000    4.0000   -1.0000    3.0000   -2.0000   13.0000    1.0000  |  =   14.0000\n",
      "|    4.0000    2.0000    0.0000    1.0000    3.0000   -1.0000    4.0000    2.0000    1.0000    0.0000    5.0000   -2.0000    3.0000    1.0000    5.0000  |  =   15.0000\n",
      "\n",
      "\n",
      "> After Normalizing\n",
      "          X15        X2        X3        X4        X5        X6        X7        X8        X9        X10        X11        X12        X13        X14        X1\n",
      "------------------------------------------------------------------------------------------------------------------------------------------------------------------------\n",
      "|    1.0000    0.4286    0.1429    0.0714    0.0714    0.0000    0.2143    0.0714    0.2143    0.3571    0.1429    0.2857    0.0714    0.0000    0.2857  |  =    3.5714\n",
      "|    6.0000    7.0000   -2.0000    3.0000    0.0000    4.0000    1.0000   -1.0000    2.0000    5.0000    0.0000    3.0000   -1.0000    2.0000    1.0000  |  =   22.0000\n",
      "|    2.0000   -1.0000    8.0000    2.0000    5.0000    1.0000    0.0000    4.0000    3.0000   -2.0000    1.0000    6.0000    4.0000    0.0000    3.0000  |  =    8.0000\n",
      "|    1.0000    4.0000    1.0000    6.0000   -2.0000    3.0000    5.0000    1.0000    0.0000    7.0000   -1.0000    4.0000    2.0000    3.0000    0.0000  |  =   12.0000\n",
      "|    1.0000    0.0000    5.0000   -1.0000    9.0000    2.0000    4.0000    3.0000    1.0000    0.0000    6.0000   -3.0000    2.0000    5.0000    2.0000  |  =   30.0000\n",
      "|    0.0000    3.0000    2.0000    4.0000    1.0000    7.0000    0.0000    5.0000    2.0000    1.0000   -4.0000    2.0000    3.0000    6.0000   -1.0000  |  =    5.0000\n",
      "|    3.0000    1.0000    0.0000    5.0000    3.0000    0.0000    8.0000   -2.0000    1.0000    4.0000    2.0000    5.0000    0.0000    1.0000    4.0000  |  =   18.0000\n",
      "|    1.0000   -1.0000    4.0000    1.0000    2.0000    5.0000   -2.0000    9.0000    3.0000    0.0000    1.0000    4.0000    6.0000   -2.0000    2.0000  |  =   10.0000\n",
      "|    3.0000    2.0000    3.0000    0.0000    1.0000    2.0000    1.0000    3.0000   10.0000   -1.0000    2.0000    0.0000    4.0000    5.0000    1.0000  |  =   45.0000\n",
      "|    5.0000    5.0000   -2.0000    7.0000    0.0000    1.0000    4.0000    0.0000   -1.0000    8.0000    3.0000    2.0000    1.0000    4.0000    0.0000  |  =   20.0000\n",
      "|    2.0000    0.0000    1.0000   -1.0000    6.0000   -4.0000    2.0000    1.0000    2.0000    3.0000   11.0000    0.0000    5.0000   -1.0000    5.0000  |  =   11.0000\n",
      "|    4.0000    3.0000    6.0000    4.0000   -3.0000    2.0000    5.0000    4.0000    0.0000    2.0000    0.0000   12.0000    1.0000    3.0000   -2.0000  |  =   33.0000\n",
      "|    1.0000   -1.0000    4.0000    2.0000    2.0000    3.0000    0.0000    6.0000    4.0000    1.0000    5.0000    1.0000   10.0000   -2.0000    3.0000  |  =   25.0000\n",
      "|    0.0000    2.0000    0.0000    3.0000    5.0000    6.0000    1.0000   -2.0000    5.0000    4.0000   -1.0000    3.0000   -2.0000   13.0000    1.0000  |  =   14.0000\n",
      "|    4.0000    2.0000    0.0000    1.0000    3.0000   -1.0000    4.0000    2.0000    1.0000    0.0000    5.0000   -2.0000    3.0000    1.0000    5.0000  |  =   15.0000\n",
      "\n",
      "\n",
      "> After Zeroing Below\n",
      "          X15        X2        X3        X4        X5        X6        X7        X8        X9        X10        X11        X12        X13        X14        X1\n",
      "------------------------------------------------------------------------------------------------------------------------------------------------------------------------\n",
      "|    1.0000    0.4286    0.1429    0.0714    0.0714    0.0000    0.2143    0.0714    0.2143    0.3571    0.1429    0.2857    0.0714    0.0000    0.2857  |  =    3.5714\n",
      "|    0.0000    4.4286   -2.8571    2.5714   -0.4286    4.0000   -0.2857   -1.4286    0.7143    2.8571   -0.8571    1.2857   -1.4286    2.0000   -0.7143  |  =    0.5714\n",
      "|    0.0000   -1.8571    7.7143    1.8571    4.8571    1.0000   -0.4286    3.8571    2.5714   -2.7143    0.7143    5.4286    3.8571    0.0000    2.4286  |  =    0.8571\n",
      "|    0.0000    3.5714    0.8571    5.9286   -2.0714    3.0000    4.7857    0.9286   -0.2143    6.6429   -1.1429    3.7143    1.9286    3.0000   -0.2857  |  =    8.4286\n",
      "|    0.0000   -0.4286    4.8571   -1.0714    8.9286    2.0000    3.7857    2.9286    0.7857   -0.3571    5.8571   -3.2857    1.9286    5.0000    1.7143  |  =   26.4286\n",
      "|    0.0000    3.0000    2.0000    4.0000    1.0000    7.0000    0.0000    5.0000    2.0000    1.0000   -4.0000    2.0000    3.0000    6.0000   -1.0000  |  =    5.0000\n",
      "|    0.0000   -0.2857   -0.4286    4.7857    2.7857    0.0000    7.3571   -2.2143    0.3571    2.9286    1.5714    4.1429   -0.2143    1.0000    3.1429  |  =    7.2857\n",
      "|    0.0000   -1.4286    3.8571    0.9286    1.9286    5.0000   -2.2143    8.9286    2.7857   -0.3571    0.8571    3.7143    5.9286   -2.0000    1.7143  |  =    6.4286\n",
      "|    0.0000    0.7143    2.5714   -0.2143    0.7857    2.0000    0.3571    2.7857    9.3571   -2.0714    1.5714   -0.8571    3.7857    5.0000    0.1429  |  =   34.2857\n",
      "|    0.0000    2.8571   -2.7143    6.6429   -0.3571    1.0000    2.9286   -0.3571   -2.0714    6.2143    2.2857    0.5714    0.6429    4.0000   -1.4286  |  =    2.1429\n",
      "|    0.0000   -0.8571    0.7143   -1.1429    5.8571   -4.0000    1.5714    0.8571    1.5714    2.2857   10.7143   -0.5714    4.8571   -1.0000    4.4286  |  =    3.8571\n",
      "|    0.0000    1.2857    5.4286    3.7143   -3.2857    2.0000    4.1429    3.7143   -0.8571    0.5714   -0.5714   10.8571    0.7143    3.0000   -3.1429  |  =   18.7143\n",
      "|    0.0000   -1.4286    3.8571    1.9286    1.9286    3.0000   -0.2143    5.9286    3.7857    0.6429    4.8571    0.7143    9.9286   -2.0000    2.7143  |  =   21.4286\n",
      "|    0.0000    2.0000    0.0000    3.0000    5.0000    6.0000    1.0000   -2.0000    5.0000    4.0000   -1.0000    3.0000   -2.0000   13.0000    1.0000  |  =   14.0000\n",
      "|    0.0000    0.2857   -0.5714    0.7143    2.7143   -1.0000    3.1429    1.7143    0.1429   -1.4286    4.4286   -3.1429    2.7143    1.0000    3.8571  |  =    0.7143\n",
      "\n",
      "\n",
      " ------------------------ 2nd Pivot ------------------------\n",
      "> Display Initial\n",
      "          X15        X2        X3        X4        X5        X6        X7        X8        X9        X10        X11        X12        X13        X14        X1\n",
      "------------------------------------------------------------------------------------------------------------------------------------------------------------------------\n",
      "|    1.0000    0.4286    0.1429    0.0714    0.0714    0.0000    0.2143    0.0714    0.2143    0.3571    0.1429    0.2857    0.0714    0.0000    0.2857  |  =    3.5714\n",
      "|    0.0000    4.4286   -2.8571    2.5714   -0.4286    4.0000   -0.2857   -1.4286    0.7143    2.8571   -0.8571    1.2857   -1.4286    2.0000   -0.7143  |  =    0.5714\n",
      "|    0.0000   -1.8571    7.7143    1.8571    4.8571    1.0000   -0.4286    3.8571    2.5714   -2.7143    0.7143    5.4286    3.8571    0.0000    2.4286  |  =    0.8571\n",
      "|    0.0000    3.5714    0.8571    5.9286   -2.0714    3.0000    4.7857    0.9286   -0.2143    6.6429   -1.1429    3.7143    1.9286    3.0000   -0.2857  |  =    8.4286\n",
      "|    0.0000   -0.4286    4.8571   -1.0714    8.9286    2.0000    3.7857    2.9286    0.7857   -0.3571    5.8571   -3.2857    1.9286    5.0000    1.7143  |  =   26.4286\n",
      "|    0.0000    3.0000    2.0000    4.0000    1.0000    7.0000    0.0000    5.0000    2.0000    1.0000   -4.0000    2.0000    3.0000    6.0000   -1.0000  |  =    5.0000\n",
      "|    0.0000   -0.2857   -0.4286    4.7857    2.7857    0.0000    7.3571   -2.2143    0.3571    2.9286    1.5714    4.1429   -0.2143    1.0000    3.1429  |  =    7.2857\n",
      "|    0.0000   -1.4286    3.8571    0.9286    1.9286    5.0000   -2.2143    8.9286    2.7857   -0.3571    0.8571    3.7143    5.9286   -2.0000    1.7143  |  =    6.4286\n",
      "|    0.0000    0.7143    2.5714   -0.2143    0.7857    2.0000    0.3571    2.7857    9.3571   -2.0714    1.5714   -0.8571    3.7857    5.0000    0.1429  |  =   34.2857\n",
      "|    0.0000    2.8571   -2.7143    6.6429   -0.3571    1.0000    2.9286   -0.3571   -2.0714    6.2143    2.2857    0.5714    0.6429    4.0000   -1.4286  |  =    2.1429\n",
      "|    0.0000   -0.8571    0.7143   -1.1429    5.8571   -4.0000    1.5714    0.8571    1.5714    2.2857   10.7143   -0.5714    4.8571   -1.0000    4.4286  |  =    3.8571\n",
      "|    0.0000    1.2857    5.4286    3.7143   -3.2857    2.0000    4.1429    3.7143   -0.8571    0.5714   -0.5714   10.8571    0.7143    3.0000   -3.1429  |  =   18.7143\n",
      "|    0.0000   -1.4286    3.8571    1.9286    1.9286    3.0000   -0.2143    5.9286    3.7857    0.6429    4.8571    0.7143    9.9286   -2.0000    2.7143  |  =   21.4286\n",
      "|    0.0000    2.0000    0.0000    3.0000    5.0000    6.0000    1.0000   -2.0000    5.0000    4.0000   -1.0000    3.0000   -2.0000   13.0000    1.0000  |  =   14.0000\n",
      "|    0.0000    0.2857   -0.5714    0.7143    2.7143   -1.0000    3.1429    1.7143    0.1429   -1.4286    4.4286   -3.1429    2.7143    1.0000    3.8571  |  =    0.7143\n",
      "\n",
      "\n",
      "> After Row Swap\n",
      "          X15        X2        X3        X4        X5        X6        X7        X8        X9        X10        X11        X12        X13        X14        X1\n",
      "------------------------------------------------------------------------------------------------------------------------------------------------------------------------\n",
      "|    1.0000    0.4286    0.1429    0.0714    0.0714    0.0000    0.2143    0.0714    0.2143    0.3571    0.1429    0.2857    0.0714    0.0000    0.2857  |  =    3.5714\n",
      "|    0.0000    2.0000    0.0000    3.0000    5.0000    6.0000    1.0000   -2.0000    5.0000    4.0000   -1.0000    3.0000   -2.0000   13.0000    1.0000  |  =   14.0000\n",
      "|    0.0000   -1.8571    7.7143    1.8571    4.8571    1.0000   -0.4286    3.8571    2.5714   -2.7143    0.7143    5.4286    3.8571    0.0000    2.4286  |  =    0.8571\n",
      "|    0.0000    3.5714    0.8571    5.9286   -2.0714    3.0000    4.7857    0.9286   -0.2143    6.6429   -1.1429    3.7143    1.9286    3.0000   -0.2857  |  =    8.4286\n",
      "|    0.0000   -0.4286    4.8571   -1.0714    8.9286    2.0000    3.7857    2.9286    0.7857   -0.3571    5.8571   -3.2857    1.9286    5.0000    1.7143  |  =   26.4286\n",
      "|    0.0000    3.0000    2.0000    4.0000    1.0000    7.0000    0.0000    5.0000    2.0000    1.0000   -4.0000    2.0000    3.0000    6.0000   -1.0000  |  =    5.0000\n",
      "|    0.0000   -0.2857   -0.4286    4.7857    2.7857    0.0000    7.3571   -2.2143    0.3571    2.9286    1.5714    4.1429   -0.2143    1.0000    3.1429  |  =    7.2857\n",
      "|    0.0000   -1.4286    3.8571    0.9286    1.9286    5.0000   -2.2143    8.9286    2.7857   -0.3571    0.8571    3.7143    5.9286   -2.0000    1.7143  |  =    6.4286\n",
      "|    0.0000    0.7143    2.5714   -0.2143    0.7857    2.0000    0.3571    2.7857    9.3571   -2.0714    1.5714   -0.8571    3.7857    5.0000    0.1429  |  =   34.2857\n",
      "|    0.0000    2.8571   -2.7143    6.6429   -0.3571    1.0000    2.9286   -0.3571   -2.0714    6.2143    2.2857    0.5714    0.6429    4.0000   -1.4286  |  =    2.1429\n",
      "|    0.0000   -0.8571    0.7143   -1.1429    5.8571   -4.0000    1.5714    0.8571    1.5714    2.2857   10.7143   -0.5714    4.8571   -1.0000    4.4286  |  =    3.8571\n",
      "|    0.0000    1.2857    5.4286    3.7143   -3.2857    2.0000    4.1429    3.7143   -0.8571    0.5714   -0.5714   10.8571    0.7143    3.0000   -3.1429  |  =   18.7143\n",
      "|    0.0000   -1.4286    3.8571    1.9286    1.9286    3.0000   -0.2143    5.9286    3.7857    0.6429    4.8571    0.7143    9.9286   -2.0000    2.7143  |  =   21.4286\n",
      "|    0.0000    4.4286   -2.8571    2.5714   -0.4286    4.0000   -0.2857   -1.4286    0.7143    2.8571   -0.8571    1.2857   -1.4286    2.0000   -0.7143  |  =    0.5714\n",
      "|    0.0000    0.2857   -0.5714    0.7143    2.7143   -1.0000    3.1429    1.7143    0.1429   -1.4286    4.4286   -3.1429    2.7143    1.0000    3.8571  |  =    0.7143\n",
      "\n",
      "\n",
      "> After Column Swap\n",
      "          X15        X14        X3        X4        X5        X6        X7        X8        X9        X10        X11        X12        X13        X2        X1\n",
      "------------------------------------------------------------------------------------------------------------------------------------------------------------------------\n",
      "|    1.0000    0.0000    0.1429    0.0714    0.0714    0.0000    0.2143    0.0714    0.2143    0.3571    0.1429    0.2857    0.0714    0.4286    0.2857  |  =    3.5714\n",
      "|    0.0000   13.0000    0.0000    3.0000    5.0000    6.0000    1.0000   -2.0000    5.0000    4.0000   -1.0000    3.0000   -2.0000    2.0000    1.0000  |  =   14.0000\n",
      "|    0.0000    0.0000    7.7143    1.8571    4.8571    1.0000   -0.4286    3.8571    2.5714   -2.7143    0.7143    5.4286    3.8571   -1.8571    2.4286  |  =    0.8571\n",
      "|    0.0000    3.0000    0.8571    5.9286   -2.0714    3.0000    4.7857    0.9286   -0.2143    6.6429   -1.1429    3.7143    1.9286    3.5714   -0.2857  |  =    8.4286\n",
      "|    0.0000    5.0000    4.8571   -1.0714    8.9286    2.0000    3.7857    2.9286    0.7857   -0.3571    5.8571   -3.2857    1.9286   -0.4286    1.7143  |  =   26.4286\n",
      "|    0.0000    6.0000    2.0000    4.0000    1.0000    7.0000    0.0000    5.0000    2.0000    1.0000   -4.0000    2.0000    3.0000    3.0000   -1.0000  |  =    5.0000\n",
      "|    0.0000    1.0000   -0.4286    4.7857    2.7857    0.0000    7.3571   -2.2143    0.3571    2.9286    1.5714    4.1429   -0.2143   -0.2857    3.1429  |  =    7.2857\n",
      "|    0.0000   -2.0000    3.8571    0.9286    1.9286    5.0000   -2.2143    8.9286    2.7857   -0.3571    0.8571    3.7143    5.9286   -1.4286    1.7143  |  =    6.4286\n",
      "|    0.0000    5.0000    2.5714   -0.2143    0.7857    2.0000    0.3571    2.7857    9.3571   -2.0714    1.5714   -0.8571    3.7857    0.7143    0.1429  |  =   34.2857\n",
      "|    0.0000    4.0000   -2.7143    6.6429   -0.3571    1.0000    2.9286   -0.3571   -2.0714    6.2143    2.2857    0.5714    0.6429    2.8571   -1.4286  |  =    2.1429\n",
      "|    0.0000   -1.0000    0.7143   -1.1429    5.8571   -4.0000    1.5714    0.8571    1.5714    2.2857   10.7143   -0.5714    4.8571   -0.8571    4.4286  |  =    3.8571\n",
      "|    0.0000    3.0000    5.4286    3.7143   -3.2857    2.0000    4.1429    3.7143   -0.8571    0.5714   -0.5714   10.8571    0.7143    1.2857   -3.1429  |  =   18.7143\n",
      "|    0.0000   -2.0000    3.8571    1.9286    1.9286    3.0000   -0.2143    5.9286    3.7857    0.6429    4.8571    0.7143    9.9286   -1.4286    2.7143  |  =   21.4286\n",
      "|    0.0000    2.0000   -2.8571    2.5714   -0.4286    4.0000   -0.2857   -1.4286    0.7143    2.8571   -0.8571    1.2857   -1.4286    4.4286   -0.7143  |  =    0.5714\n",
      "|    0.0000    1.0000   -0.5714    0.7143    2.7143   -1.0000    3.1429    1.7143    0.1429   -1.4286    4.4286   -3.1429    2.7143    0.2857    3.8571  |  =    0.7143\n",
      "\n",
      "\n",
      "> After Normalizing\n",
      "          X15        X14        X3        X4        X5        X6        X7        X8        X9        X10        X11        X12        X13        X2        X1\n",
      "------------------------------------------------------------------------------------------------------------------------------------------------------------------------\n",
      "|    1.0000    0.0000    0.1429    0.0714    0.0714    0.0000    0.2143    0.0714    0.2143    0.3571    0.1429    0.2857    0.0714    0.4286    0.2857  |  =    3.5714\n",
      "|    0.0000    1.0000    0.0000    0.2308    0.3846    0.4615    0.0769   -0.1538    0.3846    0.3077   -0.0769    0.2308   -0.1538    0.1538    0.0769  |  =    1.0769\n",
      "|    0.0000    0.0000    7.7143    1.8571    4.8571    1.0000   -0.4286    3.8571    2.5714   -2.7143    0.7143    5.4286    3.8571   -1.8571    2.4286  |  =    0.8571\n",
      "|    0.0000    3.0000    0.8571    5.9286   -2.0714    3.0000    4.7857    0.9286   -0.2143    6.6429   -1.1429    3.7143    1.9286    3.5714   -0.2857  |  =    8.4286\n",
      "|    0.0000    5.0000    4.8571   -1.0714    8.9286    2.0000    3.7857    2.9286    0.7857   -0.3571    5.8571   -3.2857    1.9286   -0.4286    1.7143  |  =   26.4286\n",
      "|    0.0000    6.0000    2.0000    4.0000    1.0000    7.0000    0.0000    5.0000    2.0000    1.0000   -4.0000    2.0000    3.0000    3.0000   -1.0000  |  =    5.0000\n",
      "|    0.0000    1.0000   -0.4286    4.7857    2.7857    0.0000    7.3571   -2.2143    0.3571    2.9286    1.5714    4.1429   -0.2143   -0.2857    3.1429  |  =    7.2857\n",
      "|    0.0000   -2.0000    3.8571    0.9286    1.9286    5.0000   -2.2143    8.9286    2.7857   -0.3571    0.8571    3.7143    5.9286   -1.4286    1.7143  |  =    6.4286\n",
      "|    0.0000    5.0000    2.5714   -0.2143    0.7857    2.0000    0.3571    2.7857    9.3571   -2.0714    1.5714   -0.8571    3.7857    0.7143    0.1429  |  =   34.2857\n",
      "|    0.0000    4.0000   -2.7143    6.6429   -0.3571    1.0000    2.9286   -0.3571   -2.0714    6.2143    2.2857    0.5714    0.6429    2.8571   -1.4286  |  =    2.1429\n",
      "|    0.0000   -1.0000    0.7143   -1.1429    5.8571   -4.0000    1.5714    0.8571    1.5714    2.2857   10.7143   -0.5714    4.8571   -0.8571    4.4286  |  =    3.8571\n",
      "|    0.0000    3.0000    5.4286    3.7143   -3.2857    2.0000    4.1429    3.7143   -0.8571    0.5714   -0.5714   10.8571    0.7143    1.2857   -3.1429  |  =   18.7143\n",
      "|    0.0000   -2.0000    3.8571    1.9286    1.9286    3.0000   -0.2143    5.9286    3.7857    0.6429    4.8571    0.7143    9.9286   -1.4286    2.7143  |  =   21.4286\n",
      "|    0.0000    2.0000   -2.8571    2.5714   -0.4286    4.0000   -0.2857   -1.4286    0.7143    2.8571   -0.8571    1.2857   -1.4286    4.4286   -0.7143  |  =    0.5714\n",
      "|    0.0000    1.0000   -0.5714    0.7143    2.7143   -1.0000    3.1429    1.7143    0.1429   -1.4286    4.4286   -3.1429    2.7143    0.2857    3.8571  |  =    0.7143\n",
      "\n",
      "\n",
      "> After Zeroing Below\n",
      "          X15        X14        X3        X4        X5        X6        X7        X8        X9        X10        X11        X12        X13        X2        X1\n",
      "------------------------------------------------------------------------------------------------------------------------------------------------------------------------\n",
      "|    1.0000    0.0000    0.1429    0.0714    0.0714    0.0000    0.2143    0.0714    0.2143    0.3571    0.1429    0.2857    0.0714    0.4286    0.2857  |  =    3.5714\n",
      "|    0.0000    1.0000    0.0000    0.2308    0.3846    0.4615    0.0769   -0.1538    0.3846    0.3077   -0.0769    0.2308   -0.1538    0.1538    0.0769  |  =    1.0769\n",
      "|    0.0000    0.0000    7.7143    1.8571    4.8571    1.0000   -0.4286    3.8571    2.5714   -2.7143    0.7143    5.4286    3.8571   -1.8571    2.4286  |  =    0.8571\n",
      "|    0.0000    0.0000    0.8571    5.2363   -3.2253    1.6154    4.5549    1.3901   -1.3681    5.7198   -0.9121    3.0220    2.3901    3.1099   -0.5165  |  =    5.1978\n",
      "|    0.0000    0.0000    4.8571   -2.2253    7.0055   -0.3077    3.4011    3.6978   -1.1374   -1.8956    6.2418   -4.4396    2.6978   -1.1978    1.3297  |  =   21.0440\n",
      "|    0.0000    0.0000    2.0000    2.6154   -1.3077    4.2308   -0.4615    5.9231   -0.3077   -0.8462   -3.5385    0.6154    3.9231    2.0769   -1.4615  |  =   -1.4615\n",
      "|    0.0000    0.0000   -0.4286    4.5549    2.4011   -0.4615    7.2802   -2.0604   -0.0275    2.6209    1.6484    3.9121   -0.0604   -0.4396    3.0659  |  =    6.2088\n",
      "|    0.0000    0.0000    3.8571    1.3901    2.6978    5.9231   -2.0604    8.6209    3.5549    0.2582    0.7033    4.1758    5.6209   -1.1209    1.8681  |  =    8.5824\n",
      "|    0.0000    0.0000    2.5714   -1.3681   -1.1374   -0.3077   -0.0275    3.5549    7.4341   -3.6099    1.9560   -2.0110    4.5549   -0.0549   -0.2418  |  =   28.9011\n",
      "|    0.0000    0.0000   -2.7143    5.7198   -1.8956   -0.8462    2.6209    0.2582   -3.6099    4.9835    2.5934   -0.3516    1.2582    2.2418   -1.7363  |  =   -2.1648\n",
      "|    0.0000    0.0000    0.7143   -0.9121    6.2418   -3.5385    1.6484    0.7033    1.9560    2.5934   10.6374   -0.3407    4.7033   -0.7033    4.5055  |  =    4.9341\n",
      "|    0.0000    0.0000    5.4286    3.0220   -4.4396    0.6154    3.9121    4.1758   -2.0110   -0.3516   -0.3407   10.1648    1.1758    0.8242   -3.3736  |  =   15.4835\n",
      "|    0.0000    0.0000    3.8571    2.3901    2.6978    3.9231   -0.0604    5.6209    4.5549    1.2582    4.7033    1.1758    9.6209   -1.1209    2.8681  |  =   23.5824\n",
      "|    0.0000    0.0000   -2.8571    2.1099   -1.1978    3.0769   -0.4396   -1.1209   -0.0549    2.2418   -0.7033    0.8242   -1.1209    4.1209   -0.8681  |  =   -1.5824\n",
      "|    0.0000    0.0000   -0.5714    0.4835    2.3297   -1.4615    3.0659    1.8681   -0.2418   -1.7363    4.5055   -3.3736    2.8681    0.1319    3.7802  |  =   -0.3626\n",
      "\n",
      "\n",
      " ------------------------ 3rd Pivot ------------------------\n",
      "> Display Initial\n",
      "          X15        X14        X3        X4        X5        X6        X7        X8        X9        X10        X11        X12        X13        X2        X1\n",
      "------------------------------------------------------------------------------------------------------------------------------------------------------------------------\n",
      "|    1.0000    0.0000    0.1429    0.0714    0.0714    0.0000    0.2143    0.0714    0.2143    0.3571    0.1429    0.2857    0.0714    0.4286    0.2857  |  =    3.5714\n",
      "|    0.0000    1.0000    0.0000    0.2308    0.3846    0.4615    0.0769   -0.1538    0.3846    0.3077   -0.0769    0.2308   -0.1538    0.1538    0.0769  |  =    1.0769\n",
      "|    0.0000    0.0000    7.7143    1.8571    4.8571    1.0000   -0.4286    3.8571    2.5714   -2.7143    0.7143    5.4286    3.8571   -1.8571    2.4286  |  =    0.8571\n",
      "|    0.0000    0.0000    0.8571    5.2363   -3.2253    1.6154    4.5549    1.3901   -1.3681    5.7198   -0.9121    3.0220    2.3901    3.1099   -0.5165  |  =    5.1978\n",
      "|    0.0000    0.0000    4.8571   -2.2253    7.0055   -0.3077    3.4011    3.6978   -1.1374   -1.8956    6.2418   -4.4396    2.6978   -1.1978    1.3297  |  =   21.0440\n",
      "|    0.0000    0.0000    2.0000    2.6154   -1.3077    4.2308   -0.4615    5.9231   -0.3077   -0.8462   -3.5385    0.6154    3.9231    2.0769   -1.4615  |  =   -1.4615\n",
      "|    0.0000    0.0000   -0.4286    4.5549    2.4011   -0.4615    7.2802   -2.0604   -0.0275    2.6209    1.6484    3.9121   -0.0604   -0.4396    3.0659  |  =    6.2088\n",
      "|    0.0000    0.0000    3.8571    1.3901    2.6978    5.9231   -2.0604    8.6209    3.5549    0.2582    0.7033    4.1758    5.6209   -1.1209    1.8681  |  =    8.5824\n",
      "|    0.0000    0.0000    2.5714   -1.3681   -1.1374   -0.3077   -0.0275    3.5549    7.4341   -3.6099    1.9560   -2.0110    4.5549   -0.0549   -0.2418  |  =   28.9011\n",
      "|    0.0000    0.0000   -2.7143    5.7198   -1.8956   -0.8462    2.6209    0.2582   -3.6099    4.9835    2.5934   -0.3516    1.2582    2.2418   -1.7363  |  =   -2.1648\n",
      "|    0.0000    0.0000    0.7143   -0.9121    6.2418   -3.5385    1.6484    0.7033    1.9560    2.5934   10.6374   -0.3407    4.7033   -0.7033    4.5055  |  =    4.9341\n",
      "|    0.0000    0.0000    5.4286    3.0220   -4.4396    0.6154    3.9121    4.1758   -2.0110   -0.3516   -0.3407   10.1648    1.1758    0.8242   -3.3736  |  =   15.4835\n",
      "|    0.0000    0.0000    3.8571    2.3901    2.6978    3.9231   -0.0604    5.6209    4.5549    1.2582    4.7033    1.1758    9.6209   -1.1209    2.8681  |  =   23.5824\n",
      "|    0.0000    0.0000   -2.8571    2.1099   -1.1978    3.0769   -0.4396   -1.1209   -0.0549    2.2418   -0.7033    0.8242   -1.1209    4.1209   -0.8681  |  =   -1.5824\n",
      "|    0.0000    0.0000   -0.5714    0.4835    2.3297   -1.4615    3.0659    1.8681   -0.2418   -1.7363    4.5055   -3.3736    2.8681    0.1319    3.7802  |  =   -0.3626\n",
      "\n",
      "\n",
      "> After Row Swap\n",
      "          X15        X14        X3        X4        X5        X6        X7        X8        X9        X10        X11        X12        X13        X2        X1\n",
      "------------------------------------------------------------------------------------------------------------------------------------------------------------------------\n",
      "|    1.0000    0.0000    0.1429    0.0714    0.0714    0.0000    0.2143    0.0714    0.2143    0.3571    0.1429    0.2857    0.0714    0.4286    0.2857  |  =    3.5714\n",
      "|    0.0000    1.0000    0.0000    0.2308    0.3846    0.4615    0.0769   -0.1538    0.3846    0.3077   -0.0769    0.2308   -0.1538    0.1538    0.0769  |  =    1.0769\n",
      "|    0.0000    0.0000    0.7143   -0.9121    6.2418   -3.5385    1.6484    0.7033    1.9560    2.5934   10.6374   -0.3407    4.7033   -0.7033    4.5055  |  =    4.9341\n",
      "|    0.0000    0.0000    0.8571    5.2363   -3.2253    1.6154    4.5549    1.3901   -1.3681    5.7198   -0.9121    3.0220    2.3901    3.1099   -0.5165  |  =    5.1978\n",
      "|    0.0000    0.0000    4.8571   -2.2253    7.0055   -0.3077    3.4011    3.6978   -1.1374   -1.8956    6.2418   -4.4396    2.6978   -1.1978    1.3297  |  =   21.0440\n",
      "|    0.0000    0.0000    2.0000    2.6154   -1.3077    4.2308   -0.4615    5.9231   -0.3077   -0.8462   -3.5385    0.6154    3.9231    2.0769   -1.4615  |  =   -1.4615\n",
      "|    0.0000    0.0000   -0.4286    4.5549    2.4011   -0.4615    7.2802   -2.0604   -0.0275    2.6209    1.6484    3.9121   -0.0604   -0.4396    3.0659  |  =    6.2088\n",
      "|    0.0000    0.0000    3.8571    1.3901    2.6978    5.9231   -2.0604    8.6209    3.5549    0.2582    0.7033    4.1758    5.6209   -1.1209    1.8681  |  =    8.5824\n",
      "|    0.0000    0.0000    2.5714   -1.3681   -1.1374   -0.3077   -0.0275    3.5549    7.4341   -3.6099    1.9560   -2.0110    4.5549   -0.0549   -0.2418  |  =   28.9011\n",
      "|    0.0000    0.0000   -2.7143    5.7198   -1.8956   -0.8462    2.6209    0.2582   -3.6099    4.9835    2.5934   -0.3516    1.2582    2.2418   -1.7363  |  =   -2.1648\n",
      "|    0.0000    0.0000    7.7143    1.8571    4.8571    1.0000   -0.4286    3.8571    2.5714   -2.7143    0.7143    5.4286    3.8571   -1.8571    2.4286  |  =    0.8571\n",
      "|    0.0000    0.0000    5.4286    3.0220   -4.4396    0.6154    3.9121    4.1758   -2.0110   -0.3516   -0.3407   10.1648    1.1758    0.8242   -3.3736  |  =   15.4835\n",
      "|    0.0000    0.0000    3.8571    2.3901    2.6978    3.9231   -0.0604    5.6209    4.5549    1.2582    4.7033    1.1758    9.6209   -1.1209    2.8681  |  =   23.5824\n",
      "|    0.0000    0.0000   -2.8571    2.1099   -1.1978    3.0769   -0.4396   -1.1209   -0.0549    2.2418   -0.7033    0.8242   -1.1209    4.1209   -0.8681  |  =   -1.5824\n",
      "|    0.0000    0.0000   -0.5714    0.4835    2.3297   -1.4615    3.0659    1.8681   -0.2418   -1.7363    4.5055   -3.3736    2.8681    0.1319    3.7802  |  =   -0.3626\n",
      "\n",
      "\n",
      "> After Column Swap\n",
      "          X15        X14        X11        X4        X5        X6        X7        X8        X9        X10        X3        X12        X13        X2        X1\n",
      "------------------------------------------------------------------------------------------------------------------------------------------------------------------------\n",
      "|    1.0000    0.0000    0.1429    0.0714    0.0714    0.0000    0.2143    0.0714    0.2143    0.3571    0.1429    0.2857    0.0714    0.4286    0.2857  |  =    3.5714\n",
      "|    0.0000    1.0000   -0.0769    0.2308    0.3846    0.4615    0.0769   -0.1538    0.3846    0.3077    0.0000    0.2308   -0.1538    0.1538    0.0769  |  =    1.0769\n",
      "|    0.0000    0.0000   10.6374   -0.9121    6.2418   -3.5385    1.6484    0.7033    1.9560    2.5934    0.7143   -0.3407    4.7033   -0.7033    4.5055  |  =    4.9341\n",
      "|    0.0000    0.0000   -0.9121    5.2363   -3.2253    1.6154    4.5549    1.3901   -1.3681    5.7198    0.8571    3.0220    2.3901    3.1099   -0.5165  |  =    5.1978\n",
      "|    0.0000    0.0000    6.2418   -2.2253    7.0055   -0.3077    3.4011    3.6978   -1.1374   -1.8956    4.8571   -4.4396    2.6978   -1.1978    1.3297  |  =   21.0440\n",
      "|    0.0000    0.0000   -3.5385    2.6154   -1.3077    4.2308   -0.4615    5.9231   -0.3077   -0.8462    2.0000    0.6154    3.9231    2.0769   -1.4615  |  =   -1.4615\n",
      "|    0.0000    0.0000    1.6484    4.5549    2.4011   -0.4615    7.2802   -2.0604   -0.0275    2.6209   -0.4286    3.9121   -0.0604   -0.4396    3.0659  |  =    6.2088\n",
      "|    0.0000    0.0000    0.7033    1.3901    2.6978    5.9231   -2.0604    8.6209    3.5549    0.2582    3.8571    4.1758    5.6209   -1.1209    1.8681  |  =    8.5824\n",
      "|    0.0000    0.0000    1.9560   -1.3681   -1.1374   -0.3077   -0.0275    3.5549    7.4341   -3.6099    2.5714   -2.0110    4.5549   -0.0549   -0.2418  |  =   28.9011\n",
      "|    0.0000    0.0000    2.5934    5.7198   -1.8956   -0.8462    2.6209    0.2582   -3.6099    4.9835   -2.7143   -0.3516    1.2582    2.2418   -1.7363  |  =   -2.1648\n",
      "|    0.0000    0.0000    0.7143    1.8571    4.8571    1.0000   -0.4286    3.8571    2.5714   -2.7143    7.7143    5.4286    3.8571   -1.8571    2.4286  |  =    0.8571\n",
